7
1
7
1
3195
2
2799
3
1600
4
4796
5
3600
6
590
7
3199
2
5
2
3
3
2
1
3
8
800
9
2400
10
3200
3
9
4


------------------------

1: ((0, 0), (0, 399))
2: ((0, 400), (0, 749))
3: ((0, 750), (0, 949))
4: ((1, 0), (1, 599))
5: ((2, 0), (2, 449))
6: ((0, 950), (0, 1023))
7: ((1, 600), (1, 999))
((2, 0), (2, 449))
((0, 750), (0, 949))
1: ((0, 0), (0, 399))
3: ((0, 750), (0, 949))
4: ((1, 0), (1, 599))
7: ((1, 600), (1, 999))
5: ((2, 0), (2, 449))
8: ((0, 400), (0, 499))
9: ((2, 450), (2, 749))
10: ((3, 0), (3, 399))
1: ((0, 0), (0, 399))
8: ((0, 400), (0, 499))
3: ((0, 750), (0, 949))
4: ((1, 0), (1, 599))
7: ((1, 600), (1, 999))
5: ((2, 0), (2, 449))
10: ((3, 0), (3, 399))
1: ((0, 0), (0, 399))
8: ((0, 400), (0, 499))
3: ((0, 500), (0, 699))
6: ((0, 700), (0, 773))
4: ((1, 0), (1, 599))
7: ((1, 600), (1, 999))
5: ((2, 0), (2, 449))
10: ((2, 450), (2, 849))
